0
1
0
00
10
00
01
11
01
01
11
00
000
100
000
010
110
010
000
110
000
001
101
001
011
111
011
001
111
001
001
101
001
011
111
011
011
111
000
0000
1000
0000
0100
1100
0100
0000
1100
0000
0010
1010
0010
0110
1110
0110
0010
1110
0010
0000
1000
0000
0110
1110
0110
0000
1110
0000
0001
1001
0001
0101
1101
0101
0001
1101
0001
0011
1011
0011
0111
1111
0111
0011
1111
0011
0001
1001
0001
0111
1111
0111
0001
1111
0001
00
011111101000010001
0
011000011000000011
010011111
001000000000001
01111
00100100000111111010100101
0011111100011011101
0
00
11110111111000001110
00000001111000011110011
000001000111
0001110
00
0000000
11001111
0001100111000001101100
01110
01
0001000000
0000111000011
001101000001000001111000
01
0
01
0011001
0011
10000000011000111011110011001111000011000000001111101000
1
00110000111100111101000001000
0
11010
00011110001
0011111011000011111
0000000011101
0010
0000000111111111000111001100111110000101110000110111011010011100010011000000011100111
10000110010111111100000010011100110000001100001001011100001111010010000000000011000111011111100011111100101111110001111110100000001100000001100100011011011100001110000000000110001111110000000010111101111111110000000101011
100100000000000100000000100000001111111000011000011111110000001000100011000011001101111110110000000001010000110110011111110110111111000000100011011000111110000000000000111100011100101
01001101
00011
10100
