0
1
0
0
1
0
0
0
0
0
0
0
0
0
0
1
0
0
6
0
0
0
0
0
0
0
0
0
0
0
0
0
0
0
1
0
0
0
0
0
0
0
0
12
0
0
0
2
0
0
0
0
2
0
0
0
0
0
0
0
0
6
0
0
0
0
0
0
0
0
0
0
0
0
0
0
16
0
0
61
0
0
0
0
0
0
0
0
0
0
0
69
3
0
0
0
70
7
3
0
679
0
0
563
176
0
0
0
0
0
0
0
0
0
53
0
0
0
0
427
15
10
1337
86
27
335
0
3
105
0
18
9
2
2
0
540
0
1
462
0
0
9
6842
1875
0
0
48
0
0
1
0
1
1
1
0
1
0
1
0
1
1
1
1
1
0
1
1
1
0
1
1
0
1
1
1
0
0
1
0
1
1
0
1
0
1
1
0
0
1
1
1
1
0
0
1
1
1
0
1
1
0
1
1
1
1
1
0
0
0
0
1
1
0
1
0
1
1
1
1
1
0
1
1
0
0
1
1
1
1
1
0
0
1
1
0
0
1
1
1
1
0
0
0
1
0
0
0
1
0
0
0
1
0
3
1
0
1
0
1
0
1
0
0
1
0
0
2
0
0
1
1
0
3
1
0
0
0
1
0
2
0
2
0
1
0
1
0
2
1
0
1
0
0
1
5
0
0
2
0
1
1
0
1
0
1
2
2
1
2
1
0
1
3
1
0
0
1
1
0
1
1
2
1
1
1
0
0
1
0
1
0
1
1
0
0
1
4
2
2
1
0
1
0
1
0
1
1
1
1
3
1
2
1001
334
134
51
20
8
3
1
1
1
0
0
0
0
0
0
0
0
0
0
0
0
0
0
0
0
0
0
0
0
0
0
0
0
0
0
0
0
0
0
0
0
0
0
0
0
0
0
0
0
0
0
0
0
0
0
0
4001
1334
534
201
77
29
11
4
2
1
0
0
0
0
0
0
0
0
0
0
0
0
0
