432
35 8
18 6
26 19
4 17
10 5
41 33
40 24
41 23
26 15
30 12
8 36
21 27
35 16
12 26
1 16
3 5
30 14
48 37
10 3
43 29
15 18
36 19
31 11
1 17
1 36
37 17
43 40
23 15
11 6
43 14
37 31
16 13
34 30
21 28
24 6
26 24
26 12
28 26
14 28
39 13
46 20
12 34
30 27
23 3
44 32
6 39
5 22
23 5
9 34
2 23
34 19
45 24
50 6
24 28
21 34
40 22
19 39
5 15
38 27
8 39
14 30
37 4
17 20
35 11
4 7
37 19
10 33
18 17
44 31
7 29
5 33
40 17
25 40
22 11
17 23
11 38
652 6
2110 18
403 16
120 3
2258 19
116 16
295 9
1195 19
2472 18
10 7
116 12
1927 20
326 15
38 12
3871 11
2744 6
1904 9
36 16
1284 13
1096 12
1044 5
1956 8
779 8
114 15
1357 3
337 16
509 19
1124 3
2636 5
93 15
49 7
937 20
598 13
1802 14
3895 19
903 15
120 12
1169 17
2105 6
1023 16
45 13
1332 17
315 16
2559 4
1508 7
383 6
2672 3
1281 5
393 5
669 3
1669 17
12 4
208 3
2689 15
690 6
959 7
11 4
748 9
12 20
1079 3
14 13
864 11
922 3
109 19
15967 21
47976 11
41051 4
28119 5
20225 22
346 15
13012 8
1720 20
13723 18
17861 13
200000 1000000000
196418 28
1 3
1 3
1 4
1 3
1 4
1 3
1 4
1 3
1 3
1 3
1 3
1 3
1 4
1 3
1 3
1 3
1 4
1 3
1 3
1 4
1 3
1 3
1 3
1 4
1 4
1 3
1 4
1 3
1 3
1 4
1 3
1 4
1 3
1 3
1 4
1 4
1 3
1 3
1 3
1 3
1 4
1 4
1 3
1 3
1 3
1 4
1 3
1 3
1 4
1 3
1 3
1 3
1 3
1 3
1 4
1 4
1 4
1 4
1 3
1 3
1 4
1 3
1 4
1 3
1 3
1 3
1 3
1 3
1 4
1 3
1 3
1 4
1 4
1 3
1 3
1 3
1 3
1 3
1 4
1 4
1 3
1 3
1 4
1 4
1 3
1 3
1 3
1 3
1 4
1 4
1 4
1 3
1 4
1 4
1 4
1 3
1 4
1 4
1 4
1 3
2 5
5 3
2 4
2 5
4 4
1 4
1 3
1 5
4 4
1 5
1 5
5 4
1 5
1 5
3 3
1 5
1 5
1 3
3 4
1 5
5 3
1 3
1 4
2 5
2 5
1 3
1 4
2 3
1 5
2 3
1 4
3 4
2 5
1 3
1 5
2 3
3 4
1 4
1 3
1 4
2 5
1 3
9 3
1 5
1 4
3 3
1 4
1 3
1 3
2 5
3 4
2 5
4 4
2 3
2 3
4 4
2 3
1 3
2 5
1 3
4 3
1 3
2 5
2 5
5 4
1 3
1 4
3 5
5 5
3 3
1 3
1 3
1 3
1 4
1 5
1 3
4 5
1 3
4 5
1 3
3 4
1 4
1 4
2 4
7 3
2 3
2 3
3 5
1 5
3 4
4 5
5 5
1 5
1 3
3 4
1 3
1 3
5 3
1 3
3 3
2000 3
2000 4
2000 5
2000 6
2000 7
2000 8
2000 9
2000 10
2000 11
2000 12
2000 13
2000 14
2000 15
2000 16
2000 17
2000 18
2000 19
2000 20
2000 21
2000 22
2000 23
2000 24
2000 25
2000 26
2000 27
2000 28
2000 29
2000 30
2000 31
2000 32
2000 33
2000 34
2000 35
2000 36
2000 37
2000 38
2000 39
2000 40
2000 41
2000 42
2000 43
2000 44
2000 45
2000 46
2000 47
2000 48
2000 49
2000 50
2000 51
2000 52
2000 53
2000 54
2000 55
2000 56
2000 57
2000 58
2000 59
8000 3
8000 4
8000 5
8000 6
8000 7
8000 8
8000 9
8000 10
8000 11
8000 12
8000 13
8000 14
8000 15
8000 16
8000 17
8000 18
8000 19
8000 20
8000 21
8000 22
8000 23
8000 24
8000 25
